00,00,00,00,00,00,00,00,00,00,29,23,23,23,23,23,23,23,23,23,23,23,23,23,23,23,23,23,23,00,00,00,00,00,00,00,00,00,00,00,00,00,00,00,00,00,00
00,00,00,00,00,00,00,00,00,00,29,23,23,23,23,23,23,23,23,23,23,23,23,23,23,23,23,23,23,00,00,00,00,00,00,00,00,00,00,00,00,00,00,00,00,00,00
00,00,00,00,00,00,00,00,00,00,29,23,23,23,23,23,23,23,23,23,23,23,23,23,23,23,23,23,23,00,00,00,00,00,00,00,00,00,00,00,00,00,00,00,00,00,00
00,00,00,00,00,00,00,00,00,00,29,23,23,23,23,23,23,23,23,23,23,23,23,23,23,23,23,23,23,00,00,00,00,00,00,00,00,00,00,00,00,00,00,00,00,00,00
00,00,00,00,00,00,00,00,00,00,29,23,23,23,23,23,23,23,23,23,23,23,23,23,23,23,23,23,23,00,00,00,00,00,00,00,00,00,00,00,00,00,00,00,00,00,00
00,00,00,00,00,00,00,00,00,00,24,16,16,16,16,16,16,16,16,16,16,16,16,16,16,16,16,16,16,00,00,00,00,00,00,00,00,00,00,00,00,00,00,00,00,00,00
00,00,00,00,00,00,00,00,00,00,02,01,01,01,01,01,01,01,01,01,01,01,01,01,01,01,01,01,01,00,00,00,00,00,00,00,00,00,00,00,00,00,00,00,00,00,00
00,00,00,00,00,00,00,00,00,00,02,01,01,01,01,01,01,01,01,01,01,01,01,01,01,01,01,01,01,00,00,00,00,00,00,00,00,00,00,00,00,00,00,00,00,00,00
00,00,00,07,04,04,04,04,04,04,20,01,01,01,01,01,01,01,01,01,01,01,01,01,01,01,01,01,01,00,00,00,00,00,00,00,00,00,00,00,00,00,00,00,00,00,00
00,00,00,29,23,23,23,23,23,23,30,01,01,01,01,01,01,01,01,01,01,01,01,01,01,01,01,01,01,00,00,00,00,00,00,00,00,00,00,00,00,00,00,00,00,00,00
00,00,00,24,16,16,16,16,16,16,33,01,01,01,01,01,01,01,01,01,01,01,01,01,01,01,01,01,01,00,00,00,00,00,00,00,00,00,00,00,00,00,00,00,00,00,00
00,00,00,02,01,01,01,01,01,01,01,01,01,01,01,01,01,01,01,01,01,01,01,01,01,01,01,01,01,00,00,00,00,00,00,00,00,00,00,00,00,00,00,00,00,00,00
00,00,00,02,01,01,01,01,01,01,01,01,01,01,01,01,01,01,01,01,01,01,01,01,01,01,01,01,01,00,00,00,00,00,00,00,00,00,00,00,00,00,00,00,00,00,00
00,00,00,02,01,01,01,10,18,18,08,01,01,01,01,01,01,01,01,01,01,01,01,01,01,01,01,01,01,00,00,00,00,00,00,00,00,00,00,00,00,00,00,00,00,00,00
00,00,00,02,01,01,01,03,00,00,02,01,01,01,01,01,01,01,01,01,01,01,01,01,01,01,01,01,01,00,00,00,00,00,00,00,00,00,00,00,00,00,00,00,00,00,00
00,00,00,02,01,01,01,03,00,00,02,01,01,01,01,01,01,01,01,01,01,01,01,01,01,01,01,01,01,00,00,00,00,00,00,00,00,00,00,00,00,00,00,00,00,00,00
00,00,00,02,01,01,01,03,00,00,02,01,01,01,01,01,01,01,01,01,01,01,01,01,01,01,01,01,01,00,00,00,00,00,00,00,00,00,00,00,00,00,00,00,00,00,00
00,00,00,02,01,01,01,03,00,00,02,01,01,01,01,01,01,01,01,01,01,01,01,01,01,01,01,01,01,00,00,00,00,00,00,00,00,00,00,00,00,00,00,00,00,00,00
00,00,00,02,01,01,01,03,00,00,13,18,18,18,18,18,18,18,18,18,18,18,18,18,18,18,18,18,18,00,00,00,00,00,00,00,00,00,00,00,00,00,00,00,00,00,00
00,00,00,02,01,01,01,03,00,00,00,00,00,00,00,00,00,00,00,00,00,00,00,00,00,00,00,00,00,00,00,00,00,00,00,00,00,00,00,00,00,00,00,00,00,00,00
00,00,00,02,01,01,01,03,00,00,00,00,00,00,00,00,00,00,00,00,00,00,00,00,00,00,00,00,00,00,00,00,00,00,00,00,00,00,00,00,00,00,00,00,00,00,00
00,00,00,02,01,01,01,03,00,00,00,00,00,00,00,00,00,00,00,00,00,00,00,00,00,00,00,00,00,00,00,00,00,00,00,00,00,00,00,00,00,00,00,00,00,00,00

0,0,0,0,0,0,0,0,0,0,0,0,0,0,0,0,0,0,0,0,0,0,0,0,0,0,0,0,0,0,0,0,0,0,0,0,0,0,0,0,0,0,0,0,0,0,0
0,0,0,0,0,0,0,0,0,0,0,0,0,0,0,0,0,0,0,0,0,0,0,0,0,0,0,0,0,0,0,0,0,0,0,0,0,0,0,0,0,0,0,0,0,0,0
0,0,0,0,0,0,0,0,0,0,0,0,0,0,0,0,0,0,0,0,0,0,0,0,0,0,0,0,0,0,0,0,0,0,0,0,0,0,0,0,0,0,0,0,0,0,0
0,0,0,0,0,0,0,0,0,0,0,0,0,0,0,0,0,0,0,0,0,0,0,0,0,0,0,0,0,0,0,0,0,0,0,0,0,0,0,0,0,0,0,0,0,0,0
0,0,0,0,0,0,0,0,0,1,1,1,1,1,1,1,1,1,1,1,1,1,1,1,1,1,1,1,1,1,0,0,0,0,0,0,0,0,0,0,0,0,0,0,0,0,0
0,0,0,0,0,0,0,0,0,1,1,1,1,1,1,1,1,1,1,1,1,1,1,1,1,1,1,1,1,1,0,0,0,0,0,0,0,0,0,0,0,0,0,0,0,0,0
0,0,0,0,0,0,0,0,0,1,0,0,0,0,0,0,0,0,0,0,0,0,0,0,0,0,0,0,0,1,1,1,1,1,0,0,0,0,0,0,0,0,0,0,0,0,0
0,0,0,0,0,0,0,0,0,1,0,0,0,0,0,0,0,0,0,0,0,0,0,0,0,0,0,0,0,0,0,0,0,1,0,0,0,0,0,0,0,0,0,0,0,0,0
0,0,0,0,0,0,0,0,0,1,0,0,0,0,0,0,0,0,0,0,0,0,0,0,0,0,0,0,0,0,0,0,e,1,0,0,0,0,0,0,0,0,0,0,0,0,0
0,0,1,1,1,1,1,1,1,1,0,0,0,0,0,0,0,0,0,0,0,0,0,0,0,0,0,0,0,0,0,0,0,1,0,0,0,0,0,0,0,0,0,0,0,0,0
0,0,1,0,0,0,0,0,0,0,0,0,0,0,0,0,0,0,0,0,0,0,0,0,0,0,0,0,0,0,0,0,0,1,0,0,0,0,0,0,0,0,0,0,0,0,0
0,0,1,0,0,0,0,0,0,0,0,0,0,0,0,0,0,0,0,0,0,0,0,0,0,0,0,0,0,0,0,0,0,1,0,0,0,0,0,0,0,0,0,0,0,0,0
0,0,1,0,0,0,0,0,0,0,0,0,0,0,0,0,0,0,0,0,0,0,0,0,0,0,0,0,0,0,0,0,0,1,0,0,0,0,0,0,0,0,0,0,0,0,0
0,0,1,0,0,0,0,1,1,1,1,0,0,0,0,0,0,0,0,0,0,0,0,0,0,0,0,0,0,0,0,0,0,1,0,0,0,0,0,0,0,0,0,0,0,0,0
0,0,1,0,0,0,0,1,0,0,1,0,0,0,0,0,0,0,0,0,0,0,0,0,0,0,0,0,0,0,0,0,0,1,0,0,0,0,0,0,0,0,0,0,0,0,0
0,0,1,0,0,0,0,1,0,0,1,0,0,0,0,0,0,0,0,0,0,0,0,0,0,0,0,0,0,0,0,0,0,1,1,0,0,0,0,0,0,0,0,0,0,0,0
0,0,1,0,0,0,0,1,0,0,1,0,0,0,0,0,0,0,0,0,0,0,0,0,0,0,0,0,0,0,0,0,0,0,1,0,0,0,0,0,0,0,0,0,0,0,0
0,0,1,0,0,0,0,1,0,0,1,0,0,0,0,0,0,0,0,0,0,0,0,0,0,0,0,0,0,0,0,0,0,0,1,0,0,0,0,0,0,0,0,0,0,0,0
0,0,1,0,0,0,0,1,0,0,1,1,1,1,1,1,1,1,1,1,1,1,1,1,1,1,1,1,1,1,1,1,1,1,1,0,0,0,0,0,0,0,0,0,0,0,0
0,0,1,0,0,0,0,1,0,0,0,0,0,0,0,0,0,0,0,0,0,0,0,0,0,0,0,0,0,0,0,0,0,0,0,0,0,0,0,0,0,0,0,0,0,0,0
0,0,1,0,0,0,0,1,0,0,0,0,0,0,0,0,0,0,0,0,0,0,0,0,0,0,0,0,0,0,0,0,0,0,0,0,0,0,0,0,0,0,0,0,0,0,0
0,0,1,0,s,0,0,1,0,0,0,0,0,0,0,0,0,0,0,0,0,0,0,0,0,0,0,0,0,0,0,0,0,0,0,0,0,0,0,0,0,0,0,0,0,0,0